 original matrix.........
 ***********************
   2.00000000       3.00000000      -1.00000000     |   1.00000000    
   4.00000000       7.00000000       1.00000000     |   3.00000000    
   7.00000000       10.0000000      -4.00000000     |   4.00000000    
 
 Gaussian elimination........
 ***********************
   2.00000000       3.00000000      -1.00000000     |   1.00000000    
   0.00000000       1.00000000       3.00000000     |   1.00000000    
   0.00000000     -0.500000000     -0.500000000     |  0.500000000    
 
 back subs......
 ***********************
   2.00000000       0.00000000       0.00000000     |   8.00000000    
   0.00000000      -2.00000000       0.00000000     |   4.00000000    
   0.00000000       0.00000000     -0.500000000     | -0.500000000    
 
 The solutions are:
   4.00000000    
  -2.00000000    
   1.00000000    
